Pedido|Cliente|Valor Total|Acrescimo|Desconto Pedido|Data Emissão|Cód. Produto|Qtdade Venda|Un. Medida|Valor Unitário|Desconto |Valor Total Item|ICMS Base|ICMS Aliq|ICMS Valor|IPI Base|IPI Aliq|IPI Valor|PIS/Cofins Base|PIS/Cofins Aliq|PIS/Cofins Valor
25|JOVIO LUIZ GIACOMOLLI|990,00|0,00|5,19|08/03/2020|1|TESTE TESTE|2,00|UN|2,66|0,00|5,32|5,32|17,00|0,90|5,32|5,00|0,26|5,32|3,00|0,15
25|JOVIO LUIZ GIACOMOLLI|990,00|0,00|5,19|08/03/2020|3|PRODUTO ATIVO|3,00|UN|250,33|0,00|750,99|750,99|17,00|127,66|750,99|5,00|37,54|750,99|3,00|22,52
28|JOVIO LUIZ GIACOMOLLI|375,40|0,00|0,00|08/03/2020|1|TESTE TESTE|2,00|UN|2,66|0,00|5,32|5,32|17,00|0,90|5,32|5,00|0,26|5,32|3,00|0,15
29|JOVIO LUIZ GIACOMOLLI|1.126,39|0,00|0,00|08/03/2020|1|TESTE TESTE|2,00|UN|2,66|0,00|5,32|5,32|17,00|0,90|5,32|5,00|0,26|5,32|3,00|0,15
29|JOVIO LUIZ GIACOMOLLI|1.126,39|0,00|0,00|08/03/2020|3|PRODUTO ATIVO|3,00|UN|250,33|0,00|750,99|750,99|17,00|127,66|750,99|5,00|37,54|750,99|3,00|22,52
30|JOVIO LUIZ GIACOMOLLI|1.114,39|0,00|6,00|08/03/2020|1|TESTE TESTE|2,00|UN|2,66|0,00|5,32|5,32|17,00|0,90|5,32|5,00|0,26|5,32|3,00|0,15
30|JOVIO LUIZ GIACOMOLLI|1.114,39|0,00|6,00|08/03/2020|3|PRODUTO ATIVO|3,00|UN|250,33|0,00|750,99|750,99|17,00|127,66|750,99|5,00|37,54|750,99|3,00|22,52
31|JOVIO LUIZ GIACOMOLLI|1.360,91|0,00|10,00|08/03/2020|1|TESTE TESTE|2,00|UN|2,66|0,00|5,32|5,32|17,00|0,90|5,32|5,00|0,26|5,32|3,00|0,15
31|JOVIO LUIZ GIACOMOLLI|1.360,91|0,00|10,00|08/03/2020|3|PRODUTO ATIVO|3,00|UN|250,33|0,00|750,99|750,99|17,00|127,66|750,99|5,00|37,54|750,99|3,00|22,52
31|JOVIO LUIZ GIACOMOLLI|1.360,91|0,00|10,00|08/03/2020|4|AMORTECEDOR|2,00|PR|63,63|2,00|125,26|125,26|17,00|21,29|125,26|5,00|6,26|125,26|3,00|3,75
32|JOVIO LUIZ GIACOMOLLI|328,15|0,00|0,00|08/03/2020|1|TESTE TESTE|2,00|UN|2,66|0,00|5,32|5,32|17,00|0,90|5,32|5,00|0,26|5,32|3,00|0,15
33|RWERWERWR|124,00|0,00|0,00|08/03/2020|1|TESTE TESTE|2,00|UN|2,66|0,00|5,32|5,32|17,00|0,90|5,32|5,00|0,26|5,32|3,00|0,15
53|TESTE|751,06|0,00|0,00|08/03/2020|3|PRODUTO ATIVO|3,00|UN|250,33|0,00|750,99|750,99|17,00|127,66|750,99|5,00|37,54|750,99|3,00|22,52
54|TESTE|11.020,49|0,00|20,49|08/03/2020|3|PRODUTO ATIVO|3,00|UN|250,33|0,00|750,99|750,99|17,00|127,66|750,99|5,00|37,54|750,99|3,00|22,52
55|TESTE|250,33|0,00|0,00|08/03/2020|3|PRODUTO ATIVO|3,00|UN|250,33|0,00|750,99|750,99|17,00|127,66|750,99|5,00|37,54|750,99|3,00|22,52
56|TESTE|250,33|0,00|0,00|08/03/2020|3|PRODUTO ATIVO|3,00|UN|250,33|0,00|750,99|750,99|17,00|127,66|750,99|5,00|37,54|750,99|3,00|22,52
57|TESTE|250,33|0,00|0,00|08/03/2020|3|PRODUTO ATIVO|3,00|UN|250,33|0,00|750,99|750,99|17,00|127,66|750,99|5,00|37,54|750,99|3,00|22,52
58|TESTE|250,33|0,00|0,00|08/03/2020|3|PRODUTO ATIVO|3,00|UN|250,33|0,00|750,99|750,99|17,00|127,66|750,99|5,00|37,54|750,99|3,00|22,52
59|TESTE|250,33|0,00|0,00|08/03/2020|3|PRODUTO ATIVO|3,00|UN|250,33|0,00|750,99|750,99|17,00|127,66|750,99|5,00|37,54|750,99|3,00|22,52
60|TESTE|250,33|0,00|0,00|08/03/2020|3|PRODUTO ATIVO|3,00|UN|250,33|0,00|750,99|750,99|17,00|127,66|750,99|5,00|37,54|750,99|3,00|22,52
61|TESTE|250,33|0,00|0,00|08/03/2020|3|PRODUTO ATIVO|3,00|UN|250,33|0,00|750,99|750,99|17,00|127,66|750,99|5,00|37,54|750,99|3,00|22,52
62|TESTE|730,49|0,00|0,00|08/03/2020|3|PRODUTO ATIVO|3,00|UN|250,33|0,00|750,99|750,99|17,00|127,66|750,99|5,00|37,54|750,99|3,00|22,52
63|TESTE|2.240,15|0,00|0,00|08/03/2020|6|VOLANTE MOTOR SCANIA|1,00|UN|1.524,00|0,00|1.524,00|1.524,00|17,00|259,08|1.524,00|5,00|76,20|0,00|0,00|0,00
63|TESTE|2.240,15|0,00|0,00|08/03/2020|6676|PRODUTO DE TESTE|1,00|UN|1,99|0,00|1,99|1,99|17,00|0,34|1,99|5,00|0,10|0,00|0,00|0,00
63|TESTE|2.240,15|0,00|0,00|08/03/2020|321313|AMORTECEDOR|1,00|PR|150,00|0,00|150,00|150,00|17,00|25,50|150,00|5,00|7,50|0,00|0,00|0,00
63|TESTE|2.240,15|0,00|0,00|08/03/2020|1|TESTE TESTE|2,00|UN|2,66|0,00|5,32|5,32|17,00|0,90|5,32|5,00|0,26|5,32|3,00|0,15
63|TESTE|2.240,15|0,00|0,00|08/03/2020|3|PRODUTO ATIVO|3,00|UN|250,33|0,00|750,99|750,99|17,00|127,66|750,99|5,00|37,54|750,99|3,00|22,52
63|TESTE|2.240,15|0,00|0,00|08/03/2020|4|AMORTECEDOR|2,00|PR|63,63|2,00|125,26|125,26|17,00|21,29|125,26|5,00|6,26|125,26|3,00|3,75
64|TESTE|15.356,25|0,00|0,00|08/03/2020|6|VOLANTE MOTOR SCANIA|6,00|UN|1.524,00|0,00|9.144,00|1.524,00|17,00|259,08|1.524,00|5,00|76,20|0,00|0,00|0,00
64|TESTE|15.356,25|0,00|0,00|08/03/2020|5|PARABRISA|1,00|UN|150,00|0,00|150,00|150,00|17,00|25,50|150,00|5,00|7,50|150,00|3,00|4,50
64|TESTE|15.356,25|0,00|0,00|08/03/2020|3|PRODUTO ATIVO|3,00|UN|250,33|0,00|750,99|750,99|17,00|127,66|750,99|5,00|37,54|750,99|3,00|22,52
64|TESTE|15.356,25|0,00|0,00|08/03/2020|4|AMORTECEDOR|2,00|PR|63,63|2,00|125,26|125,26|17,00|21,29|125,26|5,00|6,26|125,26|3,00|3,75
64|TESTE|15.356,25|0,00|0,00|08/03/2020|1|TESTE TESTE|2,00|UN|2,66|0,00|5,32|5,32|17,00|0,90|5,32|5,00|0,26|5,32|3,00|0,15
64|TESTE|15.356,25|0,00|0,00|08/03/2020|6676|PRODUTO DE TESTE|66,00|UN|1,99|0,00|131,34|1,99|17,00|0,34|1,99|5,00|0,10|0,00|0,00|0,00
64|TESTE|15.356,25|0,00|0,00|08/03/2020|321313|AMORTECEDOR|32,00|PR|150,00|800,00|4.000,00|150,00|17,00|25,50|150,00|5,00|7,50|0,00|0,00|0,00
65|TESTE|9.694,00|0,00|94,00|08/03/2020|6|VOLANTE MOTOR SCANIA|6,00|UN|1.524,00|150,00|8.994,00|1.524,00|17,00|259,08|1.524,00|5,00|76,20|0,00|0,00|0,00
65|TESTE|9.694,00|0,00|94,00|08/03/2020|3|PRODUTO ATIVO|3,00|UN|250,33|0,00|750,99|750,99|17,00|127,66|750,99|5,00|37,54|750,99|3,00|22,52
68|JOVIO LUIZ GIACOMOLLI|3.201,00|1,00|45,50|08/03/2020|6|VOLANTE MOTOR SCANIA|1,00|UN|1.524,00|24,00|1.500,00|1.524,00|17,00|259,08|1.524,00|5,00|76,20|0,00|0,00|0,00
68|JOVIO LUIZ GIACOMOLLI|3.201,00|1,00|45,50|08/03/2020|1|TESTE TESTE|2,00|UN|2,66|0,00|5,32|5,32|17,00|0,90|5,32|5,00|0,26|5,32|3,00|0,15
68|JOVIO LUIZ GIACOMOLLI|3.201,00|1,00|45,50|08/03/2020|4|AMORTECEDOR|2,00|PR|63,63|2,00|125,26|125,26|17,00|21,29|125,26|5,00|6,26|125,26|3,00|3,75
68|JOVIO LUIZ GIACOMOLLI|3.201,00|1,00|45,50|08/03/2020|321313|AMORTECEDOR|1,00|PR|55,60|0,00|55,60|55,60|17,00|9,45|55,60|5,00|2,78|0,00|0,00|0,00
68|JOVIO LUIZ GIACOMOLLI|3.201,00|1,00|45,50|08/03/2020|3|PRODUTO ATIVO|3,00|UN|250,33|0,00|750,99|750,99|17,00|127,66|750,99|5,00|37,54|750,99|3,00|22,52
68|JOVIO LUIZ GIACOMOLLI|3.201,00|1,00|45,50|08/03/2020|6676|PRODUTO DE TESTE|10,00|UN|1,99|0,00|19,90|1,99|17,00|0,34|1,99|5,00|0,10|0,00|0,00|0,00
68|JOVIO LUIZ GIACOMOLLI|3.201,00|1,00|45,50|08/03/2020|5|PARABRISA|1,00|UN|150,00|0,00|150,00|150,00|17,00|25,50|150,00|5,00|7,50|150,00|3,00|4,50
69|JOVIO LUIZ GIACOMOLLI|1.329,39|0,00|0,00|08/03/2020|3|PRODUTO ATIVO|3,00|UN|250,33|0,00|750,99|750,99|17,00|127,66|750,99|5,00|37,54|750,99|3,00|22,52
69|JOVIO LUIZ GIACOMOLLI|1.329,39|0,00|0,00|08/03/2020|1|TESTE TESTE|2,00|UN|2,66|0,00|5,32|5,32|17,00|0,90|5,32|5,00|0,26|5,32|3,00|0,15
69|JOVIO LUIZ GIACOMOLLI|1.329,39|0,00|0,00|08/03/2020|4|AMORTECEDOR|2,00|PR|63,63|2,00|125,26|125,26|17,00|21,29|125,26|5,00|6,26|125,26|3,00|3,75
70|JOVIO LUIZ GIACOMOLLI|45,77|0,00|0,00|08/03/2020|6676|PRODUTO DE TESTE|23,00|UN|1,99|0,00|45,77|1,99|17,00|0,34|1,99|5,00|0,10|0,00|0,00|0,00
71|JOVIO LUIZ GIACOMOLLI|375,00|0,00|0,00|08/03/2020|1|TESTE TESTE|2,00|UN|2,66|0,00|5,32|5,32|17,00|0,90|5,32|5,00|0,26|5,32|3,00|0,15
72|JOVIO LUIZ GIACOMOLLI|125,00|0,00|0,00|08/03/2020|1|TESTE TESTE|2,00|UN|2,66|0,00|5,32|5,32|17,00|0,90|5,32|5,00|0,26|5,32|3,00|0,15
73|JOVIO LUIZ GIACOMOLLI|33.278,71|0,00|0,00|08/03/2020|3|PRODUTO ATIVO|3,00|UN|250,33|0,00|750,99|750,99|17,00|127,66|750,99|5,00|37,54|750,99|3,00|22,52
73|JOVIO LUIZ GIACOMOLLI|33.278,71|0,00|0,00|08/03/2020|1|TESTE TESTE|2,00|UN|2,66|0,00|5,32|5,32|17,00|0,90|5,32|5,00|0,26|5,32|3,00|0,15
75|JOVIO LUIZ GIACOMOLLI|300,00|0,00|0,00|15/03/2020|5|PARABRISA|1,00|UN|150,00|0,00|150,00|150,00|17,00|25,50|150,00|5,00|7,50|150,00|3,00|4,50
76|ECSA ENGENHARIA|1.524,00|0,00|0,00|22/03/2020|6|VOLANTE MOTOR SCANIA|1,00|UN|1.524,00|0,00|1.524,00|1.524,00|17,00|259,08|1.524,00|5,00|76,20|0,00|0,00|0,00
77|JOVIO LUIZ GIACOMOLLI|1.524,00|0,00|0,00|04/04/2020|6|VOLANTE MOTOR SCANIA|1,00|UN|1.524,00|0,00|1.524,00|1.524,00|17,00|259,08|1.524,00|5,00|76,20|0,00|0,00|0,00
78|ECSA ENGENHARIA|347,02|0,00|0,00|08/04/2020|4|AMORTECEDOR|2,00|PR|63,63|2,00|125,26|125,26|17,00|21,29|125,26|5,00|6,26|125,26|3,00|3,75
78|ECSA ENGENHARIA|347,02|0,00|0,00|08/04/2020|55|PALHETA PARABRISA|2,00|PR|34,99|0,00|69,98|69,98|17,00|11,89|69,98|5,00|3,49|69,98|3,00|2,09
79|JOVIO LUIZ GIACOMOLLI|184,99|0,00|0,00|22/04/2020|55|PALHETA PARABRISA|2,00|PR|34,99|0,00|69,98|69,98|17,00|11,89|69,98|5,00|3,49|69,98|3,00|2,09
79|JOVIO LUIZ GIACOMOLLI|184,99|0,00|0,00|22/04/2020|5|PARABRISA|1,00|UN|150,00|0,00|150,00|150,00|17,00|25,50|150,00|5,00|7,50|150,00|3,00|4,50
80|ECSA ENGENHARIA|3.048,00|0,00|0,00|22/04/2020|6|VOLANTE MOTOR SCANIA|2,00|UN|1.524,00|0,00|3.048,00|3.048,00|17,00|518,16|3.048,00|5,00|152,40|3.048,00|3,00|91,44
81|ECSA ENGENHARIA|1.934,52|0,00|0,00|10/05/2020|3|PRODUTO ATIVO|3,00|UN|250,33|0,00|750,99|750,99|17,00|127,66|750,99|5,00|37,54|750,99|3,00|22,52
81|ECSA ENGENHARIA|1.934,52|0,00|0,00|10/05/2020|55|PALHETA PARABRISA|2,00|PR|34,99|0,00|69,98|69,98|17,00|11,89|69,98|5,00|3,49|69,98|3,00|2,09
81|ECSA ENGENHARIA|1.934,52|0,00|0,00|10/05/2020|6|VOLANTE MOTOR SCANIA|1,00|UN|1.524,00|0,00|1.524,00|1.524,00|17,00|259,08|1.524,00|5,00|76,20|1.524,00|3,00|45,72
82|ECSA ENGENHARIA|580,71|0,55|9,00|16/05/2020|4|AMORTECEDOR|2,00|PR|63,63|2,00|125,26|125,26|17,00|21,29|125,26|5,00|6,26|125,26|3,00|3,75
82|ECSA ENGENHARIA|580,71|0,55|9,00|16/05/2020|3|PRODUTO ATIVO|3,00|UN|250,33|0,00|750,99|750,99|17,00|127,66|750,99|5,00|37,54|750,99|3,00|22,52
82|ECSA ENGENHARIA|580,71|0,55|9,00|16/05/2020|5|PARABRISA|1,00|UN|150,00|0,00|150,00|150,00|17,00|25,50|150,00|5,00|7,50|150,00|3,00|4,50
84|JOVIO LUIZ GIACOMOLLI|393,30|0,00|0,00|11/06/2020|666|PRODUTO DA BESTA|6,00|UN|66,66|6,66|393,30|393,30|17,00|66,86|393,30|5,00|19,66|393,30|3,00|11,79
87|TESTE|564,36|0,00|0,00|05/07/2020|4|AMORTECEDOR|2,00|PR|63,63|2,00|125,26|125,26|17,00|21,29|125,26|5,00|6,26|125,26|3,00|3,75
88|JOVIO LUIZ GIACOMOLLI|525,53|0,00|0,00|05/07/2020|5|PARABRISA|1,00|UN|150,00|0,00|150,00|150,00|17,00|25,50|150,00|5,00|7,50|150,00|3,00|4,50
90|ECSA ENGENHARIA|1.255,91|0,00|0,00|05/07/2020|4|AMORTECEDOR|2,00|PR|63,63|2,00|125,26|125,26|17,00|21,29|125,26|5,00|6,26|125,26|3,00|3,75
90|ECSA ENGENHARIA|1.255,91|0,00|0,00|05/07/2020|3|PRODUTO ATIVO|3,00|UN|250,33|0,00|750,99|750,99|17,00|127,66|750,99|5,00|37,54|750,99|3,00|22,52
91|ECSA ENGENHARIA|1.255,91|0,00|0,00|05/07/2020|3|PRODUTO ATIVO|3,00|UN|250,33|0,00|750,99|750,99|17,00|127,66|750,99|5,00|37,54|750,99|3,00|22,52
91|ECSA ENGENHARIA|1.255,91|0,00|0,00|05/07/2020|4|AMORTECEDOR|2,00|PR|63,63|2,00|125,26|125,26|17,00|21,29|125,26|5,00|6,26|125,26|3,00|3,75
92|JOVIO LUIZ GIACOMOLLI|1.190,22|0,00|0,00|05/07/2020|4|AMORTECEDOR|2,00|PR|63,63|2,00|125,26|125,26|17,00|21,29|125,26|5,00|6,26|125,26|3,00|3,75
92|JOVIO LUIZ GIACOMOLLI|1.190,22|0,00|0,00|05/07/2020|3|PRODUTO ATIVO|3,00|UN|250,33|0,00|750,99|750,99|17,00|127,66|750,99|5,00|37,54|750,99|3,00|22,52
94|JOVIO LUIZ GIACOMOLLI|5,00|0,00|0,00|12/09/2020|1|TESTE TESTE|2,00|UN|2,66|0,00|5,32|5,32|17,00|0,90|5,32|5,00|0,26|5,32|3,00|0,15
95|JOVIO LUIZ GIACOMOLLI|5,32|0,00|0,00|13/09/2020|1|TESTE TESTE|2,00|UN|2,66|0,00|5,32|5,32|17,00|0,90|5,32|5,00|0,26|5,32|3,00|0,15
97|JOVIO LUIZ GIACOMOLLI|5,32|0,00|0,00|13/09/2020|1|TESTE TESTE|2,00|UN|2,66|0,00|5,32|5,32|17,00|0,90|5,32|5,00|0,26|5,32|3,00|0,15
107|JOVIO LUIZ GIACOMOLLI|253,06|0,00|0,00|13/09/2020|1|TESTE TESTE|2,00|UN|2,66|0,00|5,32|5,32|17,00|0,90|5,32|5,00|0,26|5,32|3,00|0,15
108|JOVIO LUIZ GIACOMOLLI|133,18|0,00|0,00|13/09/2020|1|TESTE TESTE|2,00|UN|2,66|0,00|5,32|5,32|17,00|0,90|5,32|5,00|0,26|5,32|3,00|0,15
110|JOVIO LUIZ GIACOMOLLI|378,19|0,00|0,00|27/09/2020|3|PRODUTO ATIVO|3,00|UN|250,33|0,00|750,99|750,99|17,00|127,66|750,99|5,00|37,54|750,99|3,00|22,52
110|JOVIO LUIZ GIACOMOLLI|378,19|0,00|0,00|27/09/2020|1|TESTE TESTE|2,00|UN|2,66|0,00|5,32|5,32|17,00|0,90|5,32|5,00|0,26|5,32|3,00|0,15
112|JOVIO LUIZ GIACOMOLLI|280,52|0,00|0,00|27/09/2020|5|PARABRISA|1,00|UN|150,00|0,00|150,00|150,00|17,00|25,50|150,00|5,00|7,50|150,00|3,00|4,50
112|JOVIO LUIZ GIACOMOLLI|280,52|0,00|0,00|27/09/2020|1|TESTE TESTE|2,00|UN|2,66|0,00|5,32|5,32|17,00|0,90|5,32|5,00|0,26|5,32|3,00|0,15
113|JOVIO LUIZ GIACOMOLLI|1.986,85|0,00|0,00|27/09/2020|6|VOLANTE MOTOR SCANIA|1,00|UN|1.524,00|0,00|1.524,00|1.524,00|17,00|259,08|1.524,00|5,00|76,20|1.524,00|3,00|45,72
113|JOVIO LUIZ GIACOMOLLI|1.986,85|0,00|0,00|27/09/2020|5|PARABRISA|1,00|UN|150,00|0,00|150,00|150,00|17,00|25,50|150,00|5,00|7,50|150,00|3,00|4,50
113|JOVIO LUIZ GIACOMOLLI|1.986,85|0,00|0,00|27/09/2020|55|PALHETA PARABRISA|2,00|PR|34,99|0,00|69,98|69,98|17,00|11,89|69,98|5,00|3,49|69,98|3,00|2,09
113|JOVIO LUIZ GIACOMOLLI|1.986,85|0,00|0,00|27/09/2020|1|TESTE TESTE|2,00|UN|2,66|0,00|5,32|5,32|17,00|0,90|5,32|5,00|0,26|5,32|3,00|0,15
119|JOVIO LUIZ GIACOMOLLI|5,32|0,00|0,00|03/10/2020|1|TESTE TESTE|2,00|UN|2,66|0,00|5,32|5,32|17,00|0,90|5,32|5,00|0,26|5,32|3,00|0,15
126|JOVIO LUIZ GIACOMOLLI|750,99|0,00|0,00|03/10/2020|3|PRODUTO ATIVO|3,00|UN|250,33|0,00|750,99|750,99|17,00|127,66|750,99|5,00|37,54|750,99|3,00|22,52
127|JOVIO LUIZ GIACOMOLLI|5,32|0,00|0,00|04/10/2020|1|TESTE TESTE|2,00|UN|2,66|0,00|5,32|5,32|17,00|0,90|5,32|5,00|0,26|5,32|3,00|0,15
129|ECSA ENGENHARIA|125,26|0,00|0,00|04/10/2020|4|AMORTECEDOR|2,00|PR|63,63|2,00|125,26|125,26|17,00|21,29|125,26|5,00|6,26|125,26|3,00|3,75
131|ECSA ENGENHARIA|162,85|0,00|0,00|04/10/2020|1|TESTE TESTE|2,00|UN|2,66|0,00|5,32|5,32|17,00|0,90|5,32|5,00|0,26|5,32|3,00|0,15
131|ECSA ENGENHARIA|162,85|0,00|0,00|04/10/2020|55|PALHETA PARABRISA|2,00|PR|34,99|0,00|69,98|69,98|17,00|11,89|69,98|5,00|3,49|69,98|3,00|2,09
132|ECSA ENGENHARIA|823,63|0,00|0,00|04/10/2020|3|PRODUTO ATIVO|3,00|UN|250,33|0,00|750,99|750,99|17,00|127,66|750,99|5,00|37,54|750,99|3,00|22,52
132|ECSA ENGENHARIA|823,63|0,00|0,00|04/10/2020|1|TESTE TESTE|2,00|UN|2,66|0,00|5,32|5,32|17,00|0,90|5,32|5,00|0,26|5,32|3,00|0,15
132|ECSA ENGENHARIA|823,63|0,00|0,00|04/10/2020|55|PALHETA PARABRISA|2,00|PR|34,99|0,00|69,98|69,98|17,00|11,89|69,98|5,00|3,49|69,98|3,00|2,09
133|ECSA ENGENHARIA|0,00|0,00|0,00|10/10/2020|1|TESTE TESTE|2,00|UN|2,66|0,00|5,32|5,32|17,00|0,90|5,32|5,00|0,26|5,32|3,00|0,15
134|ECSA ENGENHARIA|13,30|0,00|0,00|10/10/2020|1|TESTE TESTE|2,00|UN|2,66|0,00|5,32|5,32|17,00|0,90|5,32|5,00|0,26|5,32|3,00|0,15
136|JOVIO LUIZ GIACOMOLLI|0,00|0,00|0,00|10/10/2020|1|TESTE TESTE|2,00|UN|2,66|0,00|5,32|5,32|17,00|0,90|5,32|5,00|0,26|5,32|3,00|0,15
137|JOVIO LUIZ GIACOMOLLI|150,00|3,00|0,00|10/10/2020|5|PARABRISA|1,00|UN|150,00|0,00|150,00|150,00|17,00|25,50|150,00|5,00|7,50|150,00|3,00|4,50
138|ECSA ENGENHARIA|2,66|0,00|0,00|18/10/2020|1|TESTE TESTE|2,00|UN|2,66|0,00|5,32|5,32|17,00|0,90|5,32|5,00|0,26|5,32|3,00|0,15
139|JOVIO LUIZ GIACOMOLLI|255,72|0,00|0,00|18/10/2020|1|TESTE TESTE|2,00|UN|2,66|0,00|5,32|5,32|17,00|0,90|5,32|5,00|0,26|5,32|3,00|0,15
142|JOVIO LUIZ GIACOMOLLI|0,00|0,00|0,00|01/11/2020|1|TESTE TESTE|2,00|UN|2,66|0,00|5,32|5,32|17,00|0,90|5,32|5,00|0,26|5,32|3,00|0,15
143|JOVIO LUIZ GIACOMOLLI|0,00|0,00|0,00|01/11/2020|1|TESTE TESTE|2,00|UN|2,66|0,00|5,32|5,32|17,00|0,90|5,32|5,00|0,26|5,32|3,00|0,15
144|JOVIO LUIZ GIACOMOLLI|0,00|0,00|0,00|01/11/2020|1|TESTE TESTE|2,00|UN|2,66|0,00|5,32|5,32|17,00|0,90|5,32|5,00|0,26|5,32|3,00|0,15
145|JOVIO LUIZ GIACOMOLLI|2,66|0,00|0,00|01/11/2020|1|TESTE TESTE|2,00|UN|2,66|0,00|5,32|5,32|17,00|0,90|5,32|5,00|0,26|5,32|3,00|0,15
146|JOVIO LUIZ GIACOMOLLI|5,32|0,00|0,00|02/11/2020|1|TESTE TESTE|2,00|UN|2,66|0,00|5,32|5,32|17,00|0,90|5,32|5,00|0,26|5,32|3,00|0,15
148|JOVIO LUIZ GIACOMOLLI|0,00|0,00|0,00|02/11/2020|1|TESTE TESTE|1,00|UN|2,66|0,00|2,66|2,66|17,00|0,45|2,66|5,00|0,13|2,66|3,00|0,07
149|JOVIO LUIZ GIACOMOLLI|0,00|0,00|0,00|02/11/2020|666|PRODUTO DA BESTA|1,00|UN|66,66|0,00|66,66|66,66|17,00|11,33|66,66|5,00|3,33|66,66|3,00|1,99
150|ECSA ENGENHARIA|0,00|0,00|0,00|02/11/2020|1|TESTE TESTE|22,00|UN|2,66|0,00|58,52|58,52|17,00|9,94|58,52|5,00|2,92|58,52|3,00|1,75
154|ECSA ENGENHARIA|0,00|0,00|0,00|02/11/2020|1|TESTE TESTE|5,00|UN|2,66|0,00|13,30|13,30|17,00|2,26|13,30|5,00|0,66|13,30|3,00|0,39
156|ECSA ENGENHARIA|0,00|0,00|0,00|02/11/2020|1|TESTE TESTE|3,00|UN|2,66|0,00|7,98|7,98|17,00|1,35|7,98|5,00|0,39|7,98|3,00|0,23
158|ECSA ENGENHARIA|0,00|0,00|0,00|02/11/2020|1|TESTE TESTE|2,00|UN|2,66|0,00|5,32|5,32|17,00|0,90|5,32|5,00|0,26|5,32|3,00|0,15
160|ECSA ENGENHARIA|253,06|0,00|0,00|02/11/2020|1|TESTE TESTE|1,00|UN|2,66|0,00|2,66|2,66|17,00|0,45|2,66|5,00|0,13|2,66|3,00|0,07
162|ECSA ENGENHARIA|0,00|0,00|0,00|02/11/2020|55|PALHETA PARABRISA|5,00|PR|34,99|0,00|174,95|174,95|17,00|29,74|174,95|5,00|8,74|174,95|3,00|5,24
164|ECSA ENGENHARIA|253,06|0,00|0,00|02/11/2020|1|TESTE TESTE|1,00|UN|2,66|0,00|2,66|2,66|17,00|0,45|2,66|5,00|0,13|2,66|3,00|0,07
165|ECSA ENGENHARIA|253,06|0,00|0,00|02/11/2020|1|TESTE TESTE|1,00|UN|2,66|0,00|2,66|2,66|17,00|0,45|2,66|5,00|0,13|2,66|3,00|0,07
166|ECSA ENGENHARIA|253,06|0,00|0,00|02/11/2020|1|TESTE TESTE|1,00|UN|2,66|0,00|2,66|2,66|17,00|0,45|2,66|5,00|0,13|2,66|3,00|0,07
167|JOVIO LUIZ GIACOMOLLI|5,32|0,00|0,00|08/11/2020|1|TESTE TESTE|2,00|UN|2,66|0,00|5,32|5,32|17,00|0,90|5,32|5,00|0,26|5,32|3,00|0,15
170|JOVIO LUIZ GIACOMOLLI|127,86|0,00|0,00|08/11/2020|1|TESTE TESTE|1,00|UN|2,66|0,00|2,66|2,66|17,00|0,45|2,66|5,00|0,13|2,66|3,00|0,07
171|JOVIO LUIZ GIACOMOLLI|0,00|0,00|0,00|08/11/2020|1|TESTE TESTE|1,00|UN|2,66|0,00|2,66|2,66|17,00|0,45|2,66|5,00|0,13|2,66|3,00|0,07
172|ECSA ENGENHARIA|127,86|0,00|0,00|08/11/2020|1|TESTE TESTE|1,00|UN|2,66|0,00|2,66|2,66|17,00|0,45|2,66|5,00|0,13|2,66|3,00|0,07
173|ECSA ENGENHARIA|127,86|0,00|0,00|08/11/2020|1|TESTE TESTE|1,00|UN|2,66|0,00|2,66|2,66|17,00|0,45|2,66|5,00|0,13|2,66|3,00|0,07
174|ECSA ENGENHARIA|2,16|0,00|0,50|08/11/2020|1|TESTE TESTE|1,00|UN|2,66|0,00|2,66|2,66|17,00|0,45|2,66|5,00|0,13|2,66|3,00|0,07
175|JOVIO LUIZ GIACOMOLLI|127,86|0,00|0,00|15/11/2020|1|TESTE TESTE|1,00|UN|2,66|0,00|2,66|2,66|17,00|0,45|2,66|5,00|0,13|2,66|3,00|0,07
176|ECSA ENGENHARIA|652,60|0,00|0,00|15/11/2020|1|TESTE TESTE|10,00|UN|2,66|0,00|26,60|26,60|17,00|4,52|26,60|5,00|1,33|26,60|3,00|0,79
177|JOVIO LUIZ GIACOMOLLI|0,00|0,00|0,00|15/11/2020|3|PRODUTO ATIVO|3,00|UN|250,33|0,00|750,99|750,99|17,00|127,66|750,99|5,00|37,54|750,99|3,00|22,52
178|JOVIO LUIZ GIACOMOLLI|0,00|0,00|0,00|15/11/2020|3|PRODUTO ATIVO|3,00|UN|250,33|0,00|750,99|750,99|17,00|127,66|750,99|5,00|37,54|750,99|3,00|22,52
179|JOVIO LUIZ GIACOMOLLI|750,99|0,00|0,00|15/11/2020|3|PRODUTO ATIVO|3,00|UN|250,33|0,00|750,99|750,99|17,00|127,66|750,99|5,00|37,54|750,99|3,00|22,52
180|JOVIO LUIZ GIACOMOLLI|750,99|0,00|0,00|15/11/2020|3|PRODUTO ATIVO|3,00|UN|250,33|0,00|750,99|750,99|17,00|127,66|750,99|5,00|37,54|750,99|3,00|22,52
181|JOVIO LUIZ GIACOMOLLI|750,99|0,00|0,00|15/11/2020|3|PRODUTO ATIVO|3,00|UN|250,33|0,00|750,99|750,99|17,00|127,66|750,99|5,00|37,54|750,99|3,00|22,52
189|JOVIO LUIZ GIACOMOLLI|0,00|0,00|0,00|10/01/2021|4|AMORTECEDOR|1,00|PR|63,63|0,00|63,63|63,63|17,00|10,81|63,63|5,00|3,18|63,63|3,00|1,90
192|JOVIO LUIZ GIACOMOLLI|63,63|0,00|0,00|10/01/2021|4|AMORTECEDOR|1,00|PR|63,63|0,00|63,63|63,63|17,00|10,81|63,63|5,00|3,18|63,63|3,00|1,90
194|JOVIO LUIZ GIACOMOLLI|0,00|0,00|0,00|10/01/2021|1|TESTE TESTE|1,00|UN|2,66|0,00|2,66|2,66|17,00|0,45|2,66|5,00|0,13|2,66|3,00|0,07
195|JOVIO LUIZ GIACOMOLLI|127,86|0,00|0,00|10/01/2021|1|TESTE TESTE|1,00|UN|2,66|0,00|2,66|2,66|17,00|0,45|2,66|5,00|0,13|2,66|3,00|0,07
196|JOVIO LUIZ GIACOMOLLI|253,06|0,00|0,00|10/01/2021|1|TESTE TESTE|1,00|UN|2,66|0,00|2,66|2,66|17,00|0,45|2,66|5,00|0,13|2,66|3,00|0,07
197|JOVIO LUIZ GIACOMOLLI|191,49|0,00|0,00|10/01/2021|1|TESTE TESTE|1,00|UN|2,66|0,00|2,66|2,66|17,00|0,45|2,66|5,00|0,13|2,66|3,00|0,07
197|JOVIO LUIZ GIACOMOLLI|191,49|0,00|0,00|10/01/2021|4|AMORTECEDOR|1,00|PR|63,63|0,00|63,63|63,63|17,00|10,81|63,63|5,00|3,18|63,63|3,00|1,90
197|JOVIO LUIZ GIACOMOLLI|191,49|0,00|0,00|10/01/2021|2|DOIS|1,00|UN|125,20|0,00|125,20|0,00|0,00|0,00|125,20|5,00|6,26|125,20|3,00|3,75
204|ECSA ENGENHARIA|5,32|0,00|0,00|27/01/2021|1|TESTE TESTE|2,00|UN|2,66|0,00|5,32|5,32|17,00|0,90|5,32|5,00|0,26|5,32|3,00|0,15
208|ECSA ENGENHARIA|253,06|0,00|0,00|28/01/2021|2|DOIS|2,00|UN|125,20|0,00|250,40|0,00|0,00|0,00|250,40|5,00|12,52|250,40|3,00|7,51
208|ECSA ENGENHARIA|253,06|0,00|0,00|28/01/2021|1|TESTE TESTE|1,00|UN|2,66|0,00|2,66|2,66|17,00|0,45|2,66|5,00|0,13|2,66|3,00|0,07
209|ECSA ENGENHARIA|0,00|0,00|0,00|31/01/2021|1|TESTE TESTE|1,00|UN|2,66|0,00|2,66|2,66|17,00|0,45|2,66|5,00|0,13|2,66|3,00|0,07
210|ECSA ENGENHARIA|0,00|0,00|0,00|31/01/2021|1|TESTE TESTE|3,00|UN|2,66|0,00|7,98|7,98|17,00|1,35|7,98|5,00|0,39|7,98|3,00|0,23
210|ECSA ENGENHARIA|0,00|0,00|0,00|31/01/2021|1|TESTE TESTE|2,00|UN|2,66|0,00|5,32|5,32|17,00|0,90|5,32|5,00|0,26|5,32|3,00|0,15
210|ECSA ENGENHARIA|0,00|0,00|0,00|31/01/2021|1|TESTE TESTE|1,00|UN|2,66|0,00|2,66|2,66|17,00|0,45|2,66|5,00|0,13|2,66|3,00|0,07
211|ECSA ENGENHARIA|0,00|0,00|0,00|31/01/2021|1|TESTE TESTE|1,00|UN|2,66|0,00|2,66|2,66|17,00|0,45|2,66|5,00|0,13|2,66|3,00|0,07
214|ECSA ENGENHARIA|0,00|0,00|0,00|31/01/2021|1|TESTE TESTE|1,00|UN|2,66|0,00|3,45|3,45|17,00|0,58|3,45|5,00|0,17|3,45|3,00|0,10
215|ECSA ENGENHARIA|0,00|0,00|0,00|31/01/2021|1|TESTE TESTE|1,00|UN|2,66|0,00|3,19|3,19|17,00|0,54|3,19|5,00|0,15|3,19|3,00|0,09
216|ECSA ENGENHARIA|0,00|0,00|0,00|31/01/2021|1|TESTE TESTE|2,00|UN|2,66|0,00|5,32|5,32|17,00|0,90|5,32|5,00|0,26|5,32|3,00|0,15
216|ECSA ENGENHARIA|0,00|0,00|0,00|31/01/2021|1|TESTE TESTE|2,00|UN|2,66|0,00|5,32|5,32|17,00|0,90|5,32|5,00|0,26|5,32|3,00|0,15
217|ECSA ENGENHARIA|0,00|0,00|0,00|31/01/2021|1|TESTE TESTE|2,00|UN|2,66|0,00|6,11|6,11|17,00|1,04|6,11|5,00|0,30|6,11|3,00|0,18
218|ECSA ENGENHARIA|0,00|0,00|0,00|31/01/2021|1|TESTE TESTE|2,00|UN|2,66|0,00|5,32|5,32|17,00|0,90|5,32|5,00|0,26|5,32|3,00|0,15
219|ECSA ENGENHARIA|0,00|0,00|0,00|31/01/2021|1|TESTE TESTE|1,00|UN|2,66|0,00|2,66|2,66|17,00|0,45|2,66|5,00|0,13|2,66|3,00|0,07
220|ECSA ENGENHARIA|0,00|0,00|0,00|31/01/2021|1|TESTE TESTE|1,00|UN|2,66|0,00|2,66|2,66|17,00|0,45|2,66|5,00|0,13|2,66|3,00|0,07
221|ECSA ENGENHARIA|0,00|0,00|0,00|31/01/2021|1|TESTE TESTE|2,00|UN|2,66|0,00|6,65|6,65|17,00|1,13|6,65|5,00|0,33|6,65|3,00|0,19
